  0.125600010       109.505653    
  0.251200020       121.728531    
  0.376800001       143.325867    
  0.502400041       174.914825    
  0.628000021       211.019623    
  0.753600001       230.562881    
  0.879200041       215.702393    
   1.00480008       182.900604    
   1.13040006       151.827087    
   1.25600004       127.601570    
   1.38160002       109.387619    
   1.50720000       95.5560684    
   1.63279998       84.8178329    
   1.75840008       76.2838821    
   1.88400006       69.3550339    
   2.00960016       63.6218147    
   2.13520002       58.8007812    
   2.26080012       54.6893005    
   2.38640022       51.1394539    
   2.51200008       48.0420227    
   2.63760018       45.3146057    
   2.76320004       42.8938065    
   2.88880014       40.7290764    
   3.01440001       38.7810440    
   3.14000010       37.0183868    
   3.26559997       35.4148483    
   3.39120030       33.9496422    
   3.51680017       32.6050797    
   3.64240026       31.3667755    
   3.76800013       30.2215919    
   3.89360023       29.1602993    
   4.01920033       28.1729088    
   4.14480019       27.2522221    
   4.27040005       26.3914337    
   4.39599991       25.5849915    
   4.52160025       24.8271599    
   4.64720011       24.1152573    
   4.77280045       23.4421501    
   4.89840031       22.8076134    
   5.02400017       22.2066307    
 
